             117 3  12
             2   4   3
             33  5  34
             4      45
              5  7  56
             66  8    
                    7
                    8
                    9

             583421697
             947365821
23579          18 64  
34567          81 29  
  3  6       72 5941 8
1345          967 82  
13478          26 95  
             874253769
246 8          59173  



             114 3  1 
              2     2 
              39    34
                    4 
             5       6
                    6 
              7  9   
                     
                     

             483921657
             967345821
             251876493
             348162975
 23  69      7  5 41 8
13459          67 82  
1347           26895  
14 6         8  2537 9
             695417382


             114431112
             227544723
             339957934
             44  6  45
             55  7  56
             66  8  67
              7  9  7
              8     8
              9     9

145789         3 2 6  
24678        9  3 5  1
23579          18 64  
34567          81 29  
1234569      7       8
13459          67 82  
13478          26 95  
14567        8  2 3  9
246789         5 1 3  


             483921657
             967345821
             251876493
             548132976
             729564138
             136798245
             372689514
             814253769
             695417382


             114431112
             227544723
             339957934
             44  6  45
             55  7  56
             66  8  67
              7  9  7
              8     8
              9     9

145789         3 2 6  
24678        9  3 5  1
23579          18 64  
34567          81 29  
1234569      7       8
13459          67 82  
13478          26 95  
14567        8  2 3  9
246789         5 1 3  


             114431112
             227544723
             339957934
             44  6  45
             55  7  56
             66  8  67
              7  9  7
              8     8
              9     9

145789         3 2 6  
24678        9  3 5  1
23579          18 64  
34567          81 29  
1234569      7       8
13459          67 82  
13478          26 95  
14567        8  2 3  9
246789         5 1 3  


             114431112
             227544723
             339957934
             44  6  45
             55  7  56
             66  8  67
              7  9  7
              8     8
              9     9

145789         3 2 6  
24678        9  3 5  1
23579          18 64  
34567          81 29  
1234569      7       8
13459          67 82  
13478          26 95  
14567        8  2 3  9
246789         5 1 3  


             114431112
             227544723
             339957934
             44  6  45
             55  7  56
             66  8  67
              7  9  7
              8     8
              9     9

145789         3 2 6  
24678        9  3 5  1
23579          18 64  
34567          81 29  
1234569      7       8
13459          67 82  
13478          26 95  
14567        8  2 3  9
246789         5 1 3  


             114431112
             227544723
             339957934
             44  6  45
             55  7  56
             66  8  67
              7  9  7
              8     8
              9     9

145789         3 2 6  
24678        9  3 5  1
23579          18 64  
34567          81 29  
1234569      7       8
13459          67 82  
13478          26 95  
14567        8  2 3  9
246789         5 1 3  


483921657,967345821,251876493,548132976,729564138,136798245,372689514,814253769,695417382



